11 4 
11 5 
12 5 
10 6 
11 6 
12 6 
8 7 
9 7 
10 7 
11 7 
12 7 
9 8 
10 8 
11 8 
12 8 
13 8 
14 8 
9 9 
10 9 
11 9 
12 9 
13 9 
14 9 
15 9 
3 10 
9 10 
10 10 
11 10 
12 10 
13 10 
14 10 
15 10 
2 11 
3 11 
4 11 
8 11 
9 11 
10 11 
11 11 
12 11 
13 11 
14 11 
15 11 
2 12 
3 12 
4 12 
5 12 
9 12 
10 12 
11 12 
12 12 
13 12 
14 12 
15 12 
3 13 
4 13 
5 13 
6 13 
9 13 
10 13 
11 13 
12 13 
13 13 
14 13 
15 13 
4 14 
5 14 
6 14 
10 14 
11 14 
12 14 
13 14 
14 14 
5 15 
12 15 
13 15
3 21
3 22 
3 23 
3 24 
4 22 
4 23 
4 24 
5 22 
5 23 
5 24 
6 22 
6 23 
6 24 
20 3
20 4 
20 5 
20 6 
21 4 
21 5 
21 6 
22 4 
22 5 
22 6 
23 4 
23 5 
23 6
